8 0.510000 0.391892 0.112000 0.267267
8 0.400000 0.420420 0.120000 0.306306
8 0.524000 0.354354 0.104000 0.222222
14 0.780000 0.277778 0.128000 0.291291
14 0.879000 0.249249 0.102000 0.282282
14 0.903000 0.533033 0.194000 0.933934
14 0.159000 0.650150 0.230000 0.651652
14 0.295000 0.609610 0.170000 0.588589
14 0.198000 0.352853 0.380000 0.513514
14 0.279000 0.246246 0.314000 0.288288
14 0.664000 0.549550 0.192000 0.846847
4 0.736000 0.279279 0.044000 0.084084
14 0.396000 0.354354 0.160000 0.492492
