6 0.897000 0.569333 0.206000 0.077333
0 0.630000 0.708000 0.036000 0.114667
0 0.572000 0.718667 0.024000 0.082667
0 0.541000 0.713333 0.022000 0.088000
0 0.345000 0.709333 0.034000 0.106667
0 0.032000 0.770667 0.060000 0.298667
0 0.986000 0.716000 0.028000 0.157333
0 0.522000 0.698667 0.024000 0.074667
0 0.129000 0.692000 0.018000 0.082667
0 0.405000 0.689333 0.018000 0.056000
0 0.388000 0.682667 0.020000 0.069333
0 0.452000 0.682667 0.020000 0.058667
0 0.250000 0.680000 0.020000 0.064000
0 0.113000 0.694667 0.022000 0.088000
0 0.091000 0.678667 0.018000 0.061333
