0 0.166000 0.413897 0.136000 0.380665
0 0.271000 0.297583 0.114000 0.480363
0 0.315000 0.277946 0.062000 0.344411
0 0.380000 0.238671 0.084000 0.241692
0 0.380000 0.122356 0.080000 0.099698
0 0.418000 0.203927 0.044000 0.244713
0 0.443000 0.235650 0.034000 0.259819
0 0.541000 0.283988 0.030000 0.241692
0 0.485000 0.265861 0.030000 0.253776
0 0.499000 0.309668 0.090000 0.299094
0 0.580000 0.335347 0.044000 0.163142
0 0.623000 0.345921 0.034000 0.154079
0 0.646000 0.299094 0.028000 0.054381
0 0.564000 0.290030 0.020000 0.096677
0 0.663000 0.326284 0.026000 0.072508
8 0.501000 0.425982 0.362000 0.845921
