2 0.329000 0.638667 0.382000 0.146667
2 0.487000 0.538667 0.154000 0.112000
2 0.433000 0.533333 0.158000 0.080000
2 0.390000 0.693333 0.392000 0.149333
2 0.417000 0.625333 0.206000 0.093333
2 0.355000 0.553333 0.250000 0.098667
2 0.443000 0.554667 0.142000 0.085333
2 0.749000 0.512000 0.050000 0.069333
2 0.823000 0.510667 0.122000 0.082667
2 0.945000 0.524000 0.110000 0.082667
2 0.968000 0.550667 0.064000 0.082667
2 0.423000 0.460000 0.066000 0.045333
2 0.856000 0.529333 0.076000 0.082667
2 0.370000 0.765333 0.412000 0.186667
