0 0.838000 0.666667 0.052000 0.114114
0 0.876000 0.385886 0.044000 0.117117
0 0.898000 0.501502 0.204000 0.996997
0 0.779000 0.581081 0.170000 0.837838
0 0.620000 0.576577 0.152000 0.846847
0 0.540000 0.609610 0.164000 0.504505
0 0.486000 0.672673 0.308000 0.654655
0 0.329000 0.668168 0.174000 0.663664
0 0.263000 0.555556 0.150000 0.504505
0 0.222000 0.441441 0.100000 0.384384
0 0.126000 0.328829 0.044000 0.081081
0 0.152000 0.560060 0.064000 0.471471
0 0.101000 0.554054 0.098000 0.531532
0 0.036000 0.563063 0.068000 0.531532
