62 0.048000 0.445333 0.040000 0.069333
62 0.137000 0.440000 0.054000 0.069333
56 0.161000 0.565333 0.094000 0.170667
56 0.270000 0.537333 0.084000 0.146667
0 0.237000 0.430667 0.046000 0.093333
0 0.267000 0.454667 0.082000 0.136000
0 0.386000 0.445333 0.100000 0.096000
0 0.391000 0.556000 0.110000 0.264000
56 0.380000 0.632000 0.108000 0.224000
62 0.565000 0.473333 0.066000 0.077333
62 0.506000 0.464000 0.032000 0.085333
62 0.721000 0.473333 0.078000 0.093333
0 0.746000 0.597333 0.144000 0.325333
56 0.796000 0.690667 0.152000 0.314667
0 0.885000 0.565333 0.134000 0.325333
56 0.932000 0.625333 0.108000 0.226667
0 0.771000 0.416000 0.046000 0.069333
0 0.143000 0.498667 0.058000 0.197333
