8 0.194000 0.548000 0.296000 0.541333
8 0.602000 0.586667 0.268000 0.592000
8 0.624000 0.212000 0.320000 0.109333
0 0.730000 0.181333 0.040000 0.101333
8 0.041000 0.458667 0.078000 0.197333
8 0.961000 0.498667 0.078000 0.357333
0 0.951000 0.349333 0.046000 0.069333
8 0.851000 0.640000 0.230000 0.640000
0 0.778000 0.600000 0.092000 0.176000
0 0.926000 0.630667 0.096000 0.168000
0 0.905000 0.480000 0.070000 0.133333
0 0.919000 0.546667 0.078000 0.128000
0 0.769000 0.542667 0.082000 0.130667
0 0.758000 0.506667 0.064000 0.117333
