39 0.481000 0.804000 0.090000 0.248000
56 0.092000 0.426667 0.180000 0.298667
56 0.160000 0.384000 0.128000 0.234667
56 0.614000 0.270667 0.084000 0.141333
56 0.710000 0.352000 0.156000 0.266667
56 0.703000 0.390667 0.142000 0.290667
56 0.971000 0.286667 0.042000 0.098667
56 0.231000 0.609333 0.106000 0.173333
56 0.353000 0.544000 0.066000 0.181333
0 0.191000 0.285333 0.230000 0.389333
0 0.395000 0.165333 0.138000 0.181333
0 0.362000 0.336000 0.204000 0.437333
60 0.253000 0.389333 0.226000 0.320000
60 0.843000 0.322667 0.286000 0.234667
0 0.675000 0.260000 0.126000 0.349333
0 0.165000 0.677333 0.326000 0.645333
0 0.496000 0.402667 0.280000 0.458667
0 0.874000 0.412000 0.252000 0.477333
60 0.600000 0.782667 0.800000 0.434667
