19 0.569000 0.638191 0.586000 0.603015
19 0.618000 0.141960 0.332000 0.128141
19 0.771000 0.092965 0.178000 0.130653
19 0.939000 0.135678 0.078000 0.180905
19 0.941000 0.070352 0.118000 0.115578
19 0.800000 0.118090 0.112000 0.120603
19 0.393000 0.085427 0.122000 0.065327
19 0.609000 0.087940 0.182000 0.050251
19 0.635000 0.041457 0.074000 0.047739
19 0.432000 0.179648 0.172000 0.108040
19 0.363000 0.139447 0.114000 0.052764
19 0.030000 0.239950 0.052000 0.087940
0 0.300000 0.537688 0.548000 0.884422
0 0.727000 0.510050 0.402000 0.703518
