1 0.711000 0.189189 0.022000 0.078078
1 0.874000 0.210210 0.024000 0.096096
1 0.654000 0.744745 0.288000 0.510511
1 0.057000 0.839339 0.110000 0.321321
1 0.083000 0.801802 0.162000 0.396396
14 0.035000 0.669670 0.066000 0.660661
14 0.058000 0.525526 0.112000 0.564565
14 0.673000 0.552553 0.230000 0.822823
14 0.713000 0.160661 0.022000 0.069069
14 0.735000 0.162162 0.026000 0.114114
14 0.871000 0.169670 0.026000 0.093093
14 0.892000 0.157658 0.024000 0.111111
14 0.966000 0.139640 0.032000 0.087087
