6 0.968000 0.526667 0.020000 0.029333
6 0.944000 0.528000 0.032000 0.037333
6 0.905000 0.533333 0.046000 0.042667
6 0.871000 0.529333 0.018000 0.045333
5 0.519000 0.508000 0.686000 0.674667
14 0.613000 0.458667 0.070000 0.106667
6 0.100000 0.609333 0.188000 0.146667
6 0.024000 0.632000 0.044000 0.149333
14 0.353000 0.425333 0.102000 0.136000
14 0.413000 0.448000 0.066000 0.144000
14 0.924000 0.745333 0.056000 0.216000
14 0.974000 0.706667 0.052000 0.314667
14 0.993000 0.558667 0.014000 0.098667
6 0.868000 0.589333 0.020000 0.085333
