14 0.166000 0.633758 0.124000 0.566879
14 0.264000 0.477707 0.112000 0.248408
14 0.273000 0.743631 0.130000 0.468153
14 0.350000 0.649682 0.120000 0.541401
14 0.856000 0.627389 0.092000 0.605096
14 0.793000 0.652866 0.102000 0.598726
14 0.729000 0.624204 0.098000 0.566879
14 0.647000 0.770701 0.126000 0.426752
14 0.681000 0.380573 0.070000 0.143312
14 0.653000 0.638535 0.114000 0.570064
14 0.592000 0.406051 0.060000 0.130573
14 0.554000 0.531847 0.096000 0.343949
14 0.536000 0.778662 0.116000 0.410828
14 0.418000 0.765924 0.112000 0.417197
14 0.467000 0.536624 0.086000 0.283439
14 0.476000 0.412420 0.088000 0.130573
14 0.382000 0.622611 0.100000 0.550955
