8 0.185000 0.670667 0.294000 0.232000
8 0.784000 0.757333 0.208000 0.389333
19 0.187000 0.392000 0.182000 0.192000
14 0.939000 0.662667 0.122000 0.456000
14 0.816000 0.477333 0.116000 0.320000
14 0.690000 0.588000 0.068000 0.466667
14 0.626000 0.470667 0.108000 0.317333
14 0.552000 0.678667 0.180000 0.509333
14 0.396000 0.456000 0.156000 0.341333
14 0.361000 0.726667 0.210000 0.546667
14 0.240000 0.493333 0.160000 0.400000
14 0.062000 0.409333 0.120000 0.312000
14 0.030000 0.576000 0.056000 0.426667
