0 0.488000 0.437333 0.972000 0.688000
14 0.791000 0.712000 0.042000 0.165333
14 0.675000 0.718667 0.034000 0.130667
14 0.729000 0.716000 0.046000 0.157333
14 0.736000 0.705333 0.048000 0.136000
14 0.967000 0.661333 0.014000 0.048000
14 0.949000 0.657333 0.014000 0.056000
14 0.939000 0.656000 0.014000 0.048000
14 0.919000 0.654667 0.018000 0.050667
14 0.927000 0.658667 0.010000 0.048000
14 0.884000 0.653333 0.012000 0.042667
14 0.876000 0.653333 0.012000 0.042667
14 0.858000 0.656000 0.012000 0.037333
14 0.830000 0.657333 0.012000 0.045333
14 0.838000 0.652000 0.012000 0.040000
14 0.843000 0.653333 0.006000 0.032000
14 0.848000 0.652000 0.008000 0.040000
14 0.771000 0.646667 0.014000 0.040000
14 0.756000 0.644000 0.012000 0.034667
