6 0.602000 0.328000 0.160000 0.208000
6 0.327000 0.394667 0.202000 0.213333
6 0.597000 0.242667 0.166000 0.154667
6 0.379000 0.292000 0.186000 0.232000
6 0.588000 0.164000 0.152000 0.120000
6 0.597000 0.090667 0.114000 0.138667
6 0.627000 0.066667 0.110000 0.128000
6 0.146000 0.310667 0.200000 0.205333
6 0.848000 0.865333 0.304000 0.269333
6 0.873000 0.602667 0.254000 0.282667
6 0.934000 0.412000 0.132000 0.120000
6 0.912000 0.381333 0.176000 0.181333
6 0.886000 0.296000 0.172000 0.213333
6 0.864000 0.226667 0.152000 0.165333
6 0.823000 0.102667 0.138000 0.200000
6 0.976000 0.129333 0.048000 0.162667
6 0.953000 0.062667 0.094000 0.120000
6 0.044000 0.398667 0.084000 0.178667
5 0.410000 0.116000 0.288000 0.226667
13 0.150000 0.850667 0.104000 0.250667
13 0.523000 0.574667 0.106000 0.210667
13 0.271000 0.276000 0.062000 0.114667
13 0.217000 0.212000 0.058000 0.077333
14 0.171000 0.764000 0.118000 0.280000
14 0.521000 0.521333 0.098000 0.232000
13 0.305000 0.554667 0.118000 0.181333
14 0.301000 0.504000 0.094000 0.234667
14 0.218000 0.174667 0.056000 0.066667
14 0.269000 0.201333 0.058000 0.093333
14 0.016000 0.049333 0.028000 0.093333
