16 0.544000 0.847480 0.412000 0.305040
16 0.555000 0.212202 0.246000 0.328912
14 0.498000 0.484085 0.224000 0.506631
14 0.038000 0.339523 0.072000 0.387268
14 0.075000 0.193634 0.146000 0.381963
14 0.251000 0.095491 0.106000 0.185676
14 0.265000 0.055703 0.138000 0.106101
14 0.424000 0.129973 0.116000 0.254642
14 0.606000 0.045093 0.072000 0.084881
14 0.884000 0.343501 0.160000 0.395225
14 0.864000 0.297082 0.272000 0.488064
14 0.927000 0.608753 0.146000 0.782493
14 0.969000 0.055703 0.062000 0.106101
