6 0.546000 0.412913 0.568000 0.579580
14 0.020000 0.394895 0.036000 0.357357
14 0.047000 0.394895 0.030000 0.327327
14 0.072000 0.412913 0.048000 0.309309
14 0.100000 0.408408 0.036000 0.312312
14 0.129000 0.420420 0.038000 0.288288
14 0.169000 0.402402 0.062000 0.324324
14 0.203000 0.498498 0.062000 0.132132
14 0.208000 0.366366 0.028000 0.156156
14 0.224000 0.328829 0.016000 0.045045
14 0.242000 0.430931 0.032000 0.261261
14 0.258000 0.423423 0.040000 0.270270
14 0.282000 0.396396 0.024000 0.186186
14 0.302000 0.358859 0.024000 0.105105
14 0.324000 0.348348 0.028000 0.060060
14 0.514000 0.258258 0.076000 0.096096
