8 0.676000 0.618667 0.056000 0.181333
8 0.617000 0.533333 0.046000 0.122667
8 0.233000 0.641333 0.066000 0.173333
8 0.277000 0.558667 0.054000 0.152000
8 0.337000 0.429333 0.026000 0.096000
8 0.348000 0.398667 0.024000 0.072000
8 0.367000 0.366667 0.022000 0.040000
8 0.537000 0.405333 0.038000 0.112000
10 0.465000 0.734667 0.642000 0.530667
10 0.442000 0.414667 0.188000 0.125333
10 0.869000 0.436000 0.262000 0.194667
10 0.041000 0.453333 0.078000 0.138667
8 0.018000 0.457333 0.032000 0.120000
14 0.102000 0.669333 0.200000 0.661333
14 0.851000 0.649333 0.298000 0.637333
