60 0.392000 0.821333 0.576000 0.357333
56 0.876000 0.797333 0.192000 0.405333
56 0.134000 0.872000 0.264000 0.256000
0 0.714000 0.690667 0.356000 0.618667
0 0.654000 0.609333 0.216000 0.306667
0 0.637000 0.618667 0.198000 0.384000
0 0.583000 0.510667 0.126000 0.264000
0 0.508000 0.493333 0.080000 0.165333
0 0.388000 0.492000 0.156000 0.200000
0 0.267000 0.508000 0.118000 0.216000
0 0.339000 0.369333 0.182000 0.205333
0 0.415000 0.378667 0.126000 0.288000
0 0.528000 0.370667 0.336000 0.304000
0 0.641000 0.361333 0.158000 0.237333
0 0.133000 0.372000 0.214000 0.328000
0 0.185000 0.558667 0.150000 0.290667
0 0.098000 0.625333 0.192000 0.408000
39 0.458000 0.596000 0.052000 0.178667
39 0.342000 0.593333 0.048000 0.109333
39 0.298000 0.569333 0.056000 0.152000
39 0.390000 0.672000 0.044000 0.197333
39 0.336000 0.718667 0.036000 0.152000
56 0.032000 0.570667 0.060000 0.176000
