1 0.501000 0.502667 0.998000 0.994667
0 0.118000 0.329333 0.232000 0.653333
0 0.910000 0.206667 0.128000 0.322667
0 0.672000 0.177333 0.096000 0.258667
2 0.553000 0.193333 0.062000 0.040000
2 0.423000 0.190667 0.054000 0.045333
0 0.850000 0.194667 0.032000 0.112000
0 0.280000 0.172000 0.028000 0.098667
0 0.338000 0.166667 0.032000 0.109333
0 0.384000 0.166667 0.032000 0.114667
0 0.309000 0.168000 0.030000 0.101333
0 0.440000 0.178667 0.020000 0.090667
0 0.465000 0.177333 0.018000 0.088000
0 0.502000 0.193333 0.024000 0.061333
0 0.480000 0.170667 0.016000 0.074667
