5 0.811000 0.226667 0.378000 0.261333
2 0.622000 0.428000 0.344000 0.189333
2 0.044000 0.265333 0.084000 0.088000
2 0.301000 0.266667 0.150000 0.112000
2 0.275000 0.198667 0.118000 0.077333
2 0.384000 0.205333 0.084000 0.085333
2 0.317000 0.080000 0.066000 0.042667
2 0.397000 0.094667 0.078000 0.050667
2 0.520000 0.105333 0.064000 0.045333
2 0.599000 0.169333 0.066000 0.098667
2 0.444000 0.080000 0.056000 0.048000
2 0.344000 0.044000 0.060000 0.034667
2 0.523000 0.050667 0.046000 0.032000
2 0.379000 0.069333 0.070000 0.042667
