8 0.501000 0.501511 0.998000 0.996979
56 0.894000 0.841390 0.192000 0.293051
56 0.728000 0.874622 0.196000 0.250755
56 0.521000 0.889728 0.190000 0.220544
56 0.368000 0.740181 0.128000 0.326284
0 0.980000 0.445619 0.040000 0.160121
0 0.953000 0.444109 0.094000 0.187311
0 0.897000 0.554381 0.130000 0.250755
0 0.897000 0.672205 0.178000 0.365559
0 0.735000 0.506042 0.110000 0.190332
0 0.711000 0.759819 0.190000 0.419940
0 0.656000 0.448640 0.052000 0.123867
0 0.619000 0.490937 0.094000 0.202417
0 0.523000 0.536254 0.106000 0.196375
0 0.534000 0.756798 0.180000 0.419940
0 0.408000 0.690332 0.104000 0.444109
60 0.646000 0.661631 0.384000 0.193353
