39 0.035000 0.282667 0.034000 0.096000
56 0.093000 0.560000 0.138000 0.400000
60 0.124000 0.332000 0.244000 0.136000
0 0.470000 0.252000 0.120000 0.450667
56 0.823000 0.312000 0.058000 0.186667
56 0.907000 0.404000 0.122000 0.269333
0 0.884000 0.198667 0.112000 0.274667
0 0.926000 0.261333 0.148000 0.357333
39 0.481000 0.904000 0.074000 0.192000
56 0.923000 0.516000 0.110000 0.194667
60 0.549000 0.789333 0.902000 0.421333
0 0.266000 0.466667 0.388000 0.672000
0 0.643000 0.429333 0.310000 0.549333
