56 0.025333 0.391000 0.045333 0.066000
56 0.174667 0.361000 0.104000 0.106000
56 0.408000 0.342000 0.080000 0.088000
56 0.526667 0.339000 0.050667 0.082000
56 0.612000 0.334000 0.077333 0.076000
56 0.582667 0.332000 0.066667 0.080000
56 0.541333 0.696000 0.917333 0.608000
0 0.637333 0.679000 0.725333 0.546000
56 0.765333 0.326000 0.058667 0.076000
56 0.706667 0.312000 0.042667 0.052000
56 0.674667 0.322000 0.042667 0.032000
56 0.942667 0.379000 0.114667 0.106000
56 0.874667 0.344000 0.144000 0.084000
