18 0.934000 0.574667 0.132000 0.189333
18 0.729000 0.573333 0.274000 0.293333
18 0.310000 0.637333 0.132000 0.384000
18 0.110000 0.545333 0.088000 0.136000
18 0.407000 0.514667 0.086000 0.090667
18 0.500000 0.514667 0.068000 0.080000
18 0.466000 0.602667 0.148000 0.149333
18 0.456000 0.514667 0.080000 0.096000
0 0.026000 0.557333 0.048000 0.170667
0 0.307000 0.444000 0.130000 0.344000
0 0.458000 0.578667 0.044000 0.229333
0 0.981000 0.476000 0.038000 0.221333
0 0.702000 0.469333 0.060000 0.240000
0 0.112000 0.513333 0.044000 0.120000
0 0.413000 0.490667 0.038000 0.101333
0 0.493000 0.493333 0.030000 0.117333
0 0.749000 0.424000 0.038000 0.064000
0 0.777000 0.413333 0.026000 0.053333
