8 0.513000 0.372000 0.094000 0.034667
8 0.405000 0.380000 0.078000 0.056000
8 0.109000 0.562667 0.214000 0.096000
8 0.160000 0.530667 0.316000 0.106667
8 0.178000 0.524000 0.352000 0.120000
0 0.237000 0.540000 0.118000 0.658667
39 0.292000 0.545333 0.044000 0.066667
0 0.410000 0.658667 0.164000 0.240000
0 0.540000 0.776000 0.244000 0.282667
0 0.577000 0.621333 0.226000 0.218667
0 0.745000 0.609333 0.142000 0.402667
0 0.666000 0.618667 0.084000 0.154667
0 0.821000 0.489333 0.030000 0.093333
0 0.896000 0.505333 0.036000 0.130667
0 0.924000 0.498667 0.036000 0.128000
0 0.843000 0.501333 0.042000 0.117333
